300	2.20472	0
310	2.19148	0
320	2.17697	0
330	2.16318	0
340	2.15077	0
350	2.1397	0
360	2.12985	0
370	2.12102	0
380	2.11305	0
390	2.10603	0
400	2.09983	0
410	2.09413	0
420	2.08883	0
430	2.08382	0
440	2.07927	0
450	2.07507	0
460	2.0712	0
470	2.0675	0
480	2.06402	0
490	2.06078	0
500	2.05782	0
510	2.05512	0
520	2.05273	0
530	2.05062	0
540	2.04867	0
550	2.04682	0
560	2.04498	0
570	2.04318	0
580	2.04145	0
590	2.0398	0
600	2.0382	0
610	2.0367	0
620	2.03525	0
630	2.03388	0
640	2.03257	0
650	2.0313	0
660	2.0301	0
670	2.02893	0
680	2.0278	0
690	2.02677	0
700	2.02573	0
710	2.02477	0
720	2.02382	0
730	2.02295	0
740	2.02208	0
750	2.0213	0
760	2.02055	0
770	2.01987	0
780	2.01922	0
790	2.01865	0
800	2.0181	0
810	2.0176	0
820	2.01713	0
830	2.0167	0
840	2.01623	0
850	2.01582	0
860	2.01543	0
870	2.01502	0
880	2.01465	0
890	2.01422	0
900	2.01383	0
910	2.01342	0
920	2.01302	0
930	2.01262	0
940	2.01218	0
950	2.0118	0
960	2.01137	0
970	2.01097	0
980	2.01057	0
990	2.01018	0
1000	2.00982	0
1010	2.00947	0
1020	2.0091	0
1030	2.00875	0
1040	2.00842	0
1050	2.0081	0
1060	2.00778	0
1070	2.00748	0
1080	2.00717	0
1090	2.00688	0
1100	2.0066	0
1110	2.00635	0
1120	2.00603	0
1130	2.00577	0
1140	2.00552	0
1150	2.00523	0
1160	2.00498	0
1170	2.00475	0
1180	2.0045	0
1190	2.00427	0
1200	2.00405	0
1210	2.0038	0
1220	2.00357	0
1230	2.00333	0
1240	2.00313	0
1250	2.0029	0
1260	2.0027	0
1270	2.00247	0
1280	2.00228	0
1290	2.00207	0
1300	2.00185	0
1310	2.00167	0
1320	2.00143	0
1330	2.00125	0
1340	2.00107	0
1460	1.99893	0
1470	1.99875	0
1480	1.99858	0
1490	1.9984	0
1500	1.99825	0
1510	1.99808	0
1520	1.99793	0
1530	1.99773	0
1540	1.9976	0
1550	1.9974	0
1560	1.99725	0
1570	1.99703	0
1580	1.99688	0
1590	1.99668	0
1600	1.99652	0
1610	1.9963	0
1620	1.99613	0
1630	1.99593	0
1640	1.9957	0
1650	1.99552	0
1660	1.99527	0
1670	1.99503	0
1680	1.99478	0
1690	1.99455	0
1700	1.99423	0